Matriz 1
4 0 5 2 1 8 5 7 5 5 2 3 4 1 6 9 6 5 2 5 9 9 5 4 2 4 7 5 4 0 3 6 2 4 2 0 2 5 0 2 
1 9 5 9 3 3 2 9 4 1 4 9 7 7 7 1 0 7 9 7 0 2 5 9 8 7 8 2 2 4 3 0 2 2 7 9 2 2 6 0 
6 8 7 3 1 3 7 3 1 4 4 8 8 8 4 0 0 9 0 1 2 0 8 2 8 2 3 6 2 7 7 2 9 0 6 5 8 0 1 7 
3 8 1 0 1 7 9 0 4 0 6 2 3 2 9 7 3 2 2 2 6 6 0 5 3 8 3 5 6 2 0 1 9 0 9 9 4 2 6 3 
6 0 3 7 6 8 1 4 4 4 8 1 1 1 4 8 8 4 9 5 1 6 4 5 6 4 5 1 1 8 8 8 9 2 7 6 5 3 6 0 
1 1 9 8 8 8 7 5 3 8 8 1 1 5 8 4 9 0 1 3 7 7 1 3 3 7 0 7 6 4 9 6 5 1 7 7 9 2 9 9 
3 9 7 8 3 2 3 3 9 7 2 6 0 5 8 4 4 7 4 9 3 9 4 5 2 3 8 9 2 1 2 6 3 9 4 4 7 3 2 9 
4 1 6 6 8 0 5 8 3 8 0 6 1 3 0 0 6 2 7 2 6 9 2 2 8 6 6 0 3 4 7 2 1 8 5 7 6 5 5 7 
2 6 5 9 4 6 3 6 6 8 7 7 3 5 3 7 7 6 5 3 4 1 0 7 6 2 2 3 3 7 3 6 0 5 3 7 1 8 0 2 
0 3 7 1 7 1 6 2 4 6 7 4 6 1 9 4 2 5 8 4 8 9 6 4 9 8 6 5 9 0 6 2 7 9 8 6 0 4 9 0 
0 6 3 2 2 4 0 8 8 7 5 6 1 7 0 8 5 9 1 6 6 4 0 8 2 8 0 8 6 4 2 6 1 0 1 6 0 7 4 2 
2 9 8 7 2 0 6 5 8 2 4 8 0 0 3 5 6 1 5 8 4 3 0 2 7 7 4 0 5 2 4 6 8 6 0 1 6 9 8 7 
7 0 2 9 3 8 4 0 3 6 3 1 9 9 4 6 3 5 9 7 6 3 9 7 0 9 7 6 2 5 5 8 0 7 7 2 2 8 9 0 
3 7 1 9 2 0 8 9 3 9 4 9 9 4 7 2 6 2 7 3 8 9 4 8 6 1 9 1 9 1 2 8 7 7 6 3 7 4 3 9 
2 3 2 4 4 0 3 6 6 6 8 9 7 9 0 2 3 5 2 9 8 4 5 6 9 5 4 7 2 4 7 4 4 7 1 6 3 5 6 1 
3 7 3 3 3 9 8 4 4 2 3 9 2 6 5 7 5 1 2 7 6 8 1 8 6 6 0 9 2 6 4 8 0 0 6 2 6 8 4 8 
8 4 3 4 9 7 5 6 7 4 6 9 6 5 3 4 1 1 4 4 9 2 8 6 8 2 7 2 0 9 4 6 5 1 6 8 8 4 2 6 
1 9 4 7 2 0 3 1 8 0 2 2 0 2 1 5 1 5 0 3 2 1 2 8 9 8 1 7 3 8 3 8 1 3 0 6 1 2 1 9 
3 7 3 9 9 2 4 7 7 9 8 2 2 8 7 9 8 8 2 0 7 5 3 0 7 0 5 0 1 7 9 3 4 0 2 1 3 5 2 1 
7 7 7 5 9 2 1 5 9 4 8 7 5 0 0 8 6 3 5 4 1 5 4 9 9 9 3 1 0 5 4 9 2 5 1 6 0 7 5 2 
6 3 1 8 5 4 9 5 8 3 5 7 3 2 5 4 9 3 2 1 6 3 3 1 2 6 8 4 0 2 2 3 6 1 9 1 4 6 5 4 
6 6 6 7 9 8 8 5 8 5 6 6 3 2 1 8 9 3 7 5 2 3 6 7 9 6 3 8 8 8 6 1 5 2 8 3 4 3 9 8 
6 6 3 9 6 6 6 0 2 8 2 3 2 0 0 1 8 8 5 5 7 6 1 9 2 8 3 5 9 0 7 7 3 0 5 2 1 0 8 0 
7 1 9 9 7 9 5 3 4 0 3 5 4 9 8 7 7 0 7 8 1 2 4 6 1 3 1 1 8 0 4 4 9 2 5 5 8 4 5 6 
3 5 0 3 1 7 4 0 7 5 5 1 0 2 2 4 2 1 8 3 0 9 3 2 6 4 0 1 5 8 7 4 4 4 3 6 1 2 9 6 
4 8 6 8 8 2 2 6 3 5 1 2 0 8 2 4 5 6 7 6 4 4 6 6 5 7 4 1 9 4 6 2 6 6 6 2 2 8 8 9 
6 0 2 5 4 5 3 1 1 4 1 9 4 3 1 6 3 0 1 6 9 8 4 1 9 4 5 8 2 4 6 3 0 6 2 0 8 4 0 9 
7 3 8 6 5 6 4 4 8 1 2 2 2 5 9 5 2 3 4 3 4 4 4 7 8 5 3 6 8 0 0 8 8 6 3 6 3 9 9 4 
5 3 6 6 2 6 7 6 8 3 3 1 0 0 9 2 3 7 6 8 5 3 3 0 5 5 3 1 1 7 5 8 4 2 2 3 9 0 0 6 
6 0 0 6 5 3 5 3 9 4 8 9 6 4 3 5 4 4 0 9 7 0 8 6 1 0 0 1 2 6 8 1 0 1 9 9 7 2 8 2 
2 1 6 1 1 1 1 5 0 7 9 9 1 4 3 0 4 9 7 3 2 9 7 9 2 9 5 3 2 7 8 2 1 7 8 8 5 6 3 3 
1 3 3 5 8 3 3 1 3 3 0 2 0 3 5 5 3 8 7 6 0 1 8 8 4 4 5 4 9 3 7 7 8 1 3 2 0 7 0 2 
8 4 7 3 8 6 8 0 1 4 2 8 4 0 4 4 1 0 8 0 5 6 1 1 1 9 6 5 6 9 3 4 1 7 9 9 4 9 6 2 
2 3 2 3 8 8 6 8 9 9 4 7 6 8 1 1 7 6 7 9 4 7 4 9 2 5 9 7 1 1 0 0 3 1 8 6 2 4 0 1 
5 0 1 6 8 9 6 0 8 0 5 1 1 4 2 7 6 7 8 4 5 6 5 3 1 4 2 3 4 1 7 9 9 3 2 5 3 0 0 6 
0 7 0 2 2 6 3 7 2 1 0 1 9 8 9 5 9 6 8 8 4 4 0 3 3 8 2 4 4 8 9 5 8 9 4 1 4 0 6 0 
0 7 3 8 4 5 0 3 6 9 4 3 7 6 8 6 0 3 9 2 0 8 1 4 8 2 7 2 0 9 0 9 4 3 9 1 7 3 5 0 
5 7 1 9 9 1 9 1 8 2 3 9 5 3 5 5 9 7 3 3 0 3 9 8 2 6 4 0 2 1 1 2 0 3 8 5 4 9 6 1 
0 5 7 5 2 9 4 6 4 7 7 3 4 6 4 0 7 0 3 6 3 1 0 3 7 9 6 9 2 4 6 5 4 0 5 5 5 0 3 1 
6 9 0 5 5 2 8 8 7 1 8 6 4 2 2 1 9 2 1 5 1 1 9 3 2 4 1 6 9 5 5 1 1 9 5 5 5 7 0 6 

Matriz 2
9 1 1 0 9 3 2 8 4 1 5 9 7 9 4 2 1 3 8 4 3 4 6 1 0 4 7 1 6 2 1 1 2 6 9 1 1 9 9 4 
6 8 6 1 1 8 2 4 3 6 3 8 6 7 2 9 2 6 7 4 3 3 3 1 2 2 6 7 1 9 7 4 8 3 9 7 3 9 2 4 
9 6 0 1 7 7 3 1 5 0 5 9 0 4 1 3 8 0 3 3 4 1 3 1 8 5 0 1 6 9 9 0 3 9 1 9 5 6 5 1 
9 9 4 6 0 0 1 9 2 1 5 4 4 4 1 3 8 4 4 5 9 6 8 5 5 9 2 6 9 6 9 3 3 2 2 6 5 6 9 9 
1 9 7 2 9 8 9 0 4 3 4 4 3 9 4 3 0 3 2 7 3 4 0 8 1 6 5 9 4 5 9 8 3 9 9 8 4 9 0 4 
4 9 4 0 6 6 8 7 9 0 6 3 6 9 5 9 5 0 8 9 3 4 4 7 3 4 0 3 4 4 8 0 8 6 6 6 5 2 8 5 
7 3 8 6 3 2 0 9 6 8 5 3 0 9 5 2 5 3 8 7 4 6 4 5 3 6 1 0 5 2 8 6 4 7 1 7 6 3 1 5 
4 4 3 8 7 2 7 9 9 7 5 9 9 5 2 6 4 2 8 7 3 1 9 7 1 1 2 9 3 6 7 4 5 0 1 1 6 0 9 5 
3 8 9 0 6 2 9 6 6 3 5 5 4 0 2 6 4 2 8 9 1 9 9 8 5 5 9 7 8 8 4 0 3 7 8 7 0 2 5 8 
6 4 8 2 0 0 9 9 7 7 3 9 4 6 5 1 9 9 8 7 5 5 1 1 0 6 5 2 8 9 6 8 0 7 3 7 5 9 8 8 
8 8 2 5 2 8 8 8 0 7 4 8 0 0 7 0 7 1 1 3 2 8 2 9 6 8 4 3 5 6 2 9 7 2 8 9 0 1 6 9 
2 4 7 4 3 6 8 9 6 9 8 7 5 6 2 5 6 4 1 7 0 2 9 8 4 3 7 6 0 8 0 0 7 4 4 5 7 7 1 7 
5 1 1 9 2 8 4 2 7 4 0 0 0 9 6 1 6 8 4 3 5 2 3 5 5 4 0 6 7 6 1 9 3 9 6 6 5 3 7 1 
9 0 3 4 4 8 8 8 8 1 2 8 9 0 4 0 1 7 1 9 4 8 8 8 7 1 0 1 7 6 5 0 3 4 1 6 3 1 2 0 
2 3 6 2 8 6 1 0 5 2 2 5 5 0 0 2 5 5 0 8 2 3 2 1 2 0 6 3 6 2 6 2 9 8 9 9 2 8 1 7 
6 0 5 7 9 0 5 2 4 8 0 6 4 0 7 9 7 0 4 5 6 4 2 8 0 1 7 4 5 7 3 0 9 4 8 2 0 8 6 1 
6 0 4 7 2 6 5 8 8 5 6 5 7 3 3 1 0 6 7 6 1 6 0 7 1 7 3 6 9 3 5 5 9 0 7 7 0 9 0 0 
1 1 3 5 8 6 9 0 5 5 0 3 8 2 0 2 6 6 4 2 3 7 2 3 0 4 2 3 1 4 5 5 4 1 6 3 7 6 0 1 
9 4 6 6 7 2 1 6 2 7 5 2 7 6 9 2 6 1 8 3 2 2 5 2 9 8 4 9 0 1 6 7 2 8 0 1 7 8 5 9 
3 4 9 9 3 8 5 6 6 3 6 1 2 7 3 7 6 3 8 5 6 3 1 5 5 7 6 8 1 0 4 2 2 9 2 4 2 4 8 4 
3 9 4 1 3 1 5 3 1 1 1 5 7 8 4 3 8 0 1 0 7 8 9 3 6 7 3 1 6 8 6 1 6 9 5 6 4 9 7 7 
0 4 1 8 9 4 2 4 9 0 6 0 2 0 6 7 6 5 1 9 4 2 0 6 4 5 4 8 0 2 8 5 5 4 8 0 8 2 2 8 
7 9 4 2 8 4 7 3 4 0 3 8 6 3 9 6 9 1 7 1 3 4 8 5 7 7 1 7 6 9 3 7 7 0 8 4 0 2 0 2 
8 2 9 8 9 6 6 0 5 1 2 5 6 2 9 7 8 8 9 6 7 6 5 0 8 6 0 7 3 6 9 4 4 9 1 8 8 4 2 8 
9 6 8 8 5 6 1 4 4 2 0 6 7 6 1 5 9 2 4 1 0 6 9 0 7 3 5 0 6 7 5 9 7 4 9 5 7 4 6 5 
0 6 2 3 7 7 6 8 2 6 3 2 6 9 4 8 5 3 5 7 8 6 0 9 1 6 1 5 9 4 1 1 1 5 2 0 6 8 4 3 
8 0 3 1 2 0 0 9 7 7 8 3 7 2 2 7 8 5 7 5 4 2 9 5 7 2 3 1 1 3 2 9 5 3 2 2 8 2 8 1 
5 5 3 2 2 3 1 6 0 0 2 3 9 4 7 8 1 1 0 1 1 9 8 2 9 3 7 5 3 9 7 3 1 5 9 8 1 9 6 0 
9 0 9 7 8 3 4 8 2 1 9 8 2 2 4 6 5 1 5 0 7 2 1 1 3 1 8 5 1 0 9 0 5 2 2 7 6 3 2 7 
1 1 2 3 4 3 1 2 5 1 7 9 1 8 1 1 8 6 1 7 4 4 4 7 1 1 1 6 5 8 2 3 6 2 1 8 2 5 9 9 
5 2 4 1 7 0 2 3 6 9 9 9 2 9 9 7 1 2 2 9 4 3 4 7 6 4 8 6 9 5 8 4 4 9 0 0 7 4 5 7 
4 9 6 7 3 6 7 4 8 2 1 7 0 5 7 9 8 8 5 5 1 3 4 2 1 7 8 7 8 6 8 2 5 5 7 3 6 8 5 7 
6 5 8 8 8 7 4 8 3 4 8 2 7 5 3 2 8 0 5 7 7 3 8 4 7 3 9 2 8 0 3 4 4 0 7 4 5 7 3 7 
3 0 8 8 2 1 2 7 5 0 8 9 8 4 2 4 6 9 9 5 9 0 5 3 1 6 2 7 8 4 5 0 7 0 1 2 3 6 4 2 
7 6 8 4 9 8 1 0 2 9 6 7 6 3 7 9 8 8 3 6 3 1 7 5 6 6 8 6 9 8 9 5 6 7 8 7 1 0 4 1 
2 4 3 6 4 1 5 2 2 4 6 6 3 2 4 9 5 1 0 2 4 9 1 4 4 6 1 4 2 4 3 8 3 8 9 0 5 6 3 1 
0 4 1 9 6 3 3 0 2 2 2 0 3 5 8 8 6 3 3 5 8 2 3 9 5 2 5 4 0 8 8 0 4 5 7 1 1 0 0 3 
4 3 9 1 1 9 2 5 6 8 3 3 5 0 5 2 2 0 7 2 5 1 4 8 0 5 5 9 4 9 6 1 9 3 7 8 0 3 9 8 
9 4 6 9 6 3 3 4 0 5 4 1 5 2 8 6 7 4 7 5 7 9 7 4 0 6 5 2 6 8 6 5 7 7 8 0 6 7 3 3 
3 2 9 4 1 3 9 2 0 4 6 3 6 8 6 8 2 1 9 8 9 9 2 8 4 1 0 5 9 1 8 6 3 4 6 6 8 6 0 3 

Resultado 2
763 659 780 704 835 640 723 810 839 585 653 785 768 684 707 816 895 529 806 821 665 657 708 764 587 710 639 757 773 821 896 525 816 780 821 743 657 810 762 733 
986 790 915 892 943 864 765 874 821 769 782 930 924 795 741 924 1062 706 860 923 740 794 921 837 808 818 654 921 794 1004 963 778 870 935 870 840 854 869 812 832 
881 703 784 737 839 802 737 757 725 652 707 926 803 877 716 789 935 608 716 847 681 774 849 786 752 648 644 676 853 963 889 695 777 799 907 853 727 819 658 697 
777 685 825 742 870 740 619 722 605 646 672 706 733 671 723 866 866 496 690 815 691 768 651 743 616 662 682 656 751 766 864 583 822 829 964 770 629 817 602 705 
971 825 910 912 1043 793 790 885 856 748 849 942 839 826 890 917 1076 634 885 1008 757 802 807 934 713 908 816 919 966 941 1021 760 933 905 1003 799 748 959 887 942 
1015 953 1011 956 1036 871 931 960 861 765 923 1034 877 961 982 1041 1078 667 884 1147 941 1010 808 1063 789 950 820 926 1151 1097 1308 762 974 1102 1097 1032 855 1077 843 968 
931 839 1045 883 913 819 868 951 895 693 865 979 980 807 811 1049 1058 764 981 1055 864 879 880 905 794 870 824 987 927 1043 1154 678 909 952 1036 951 816 1055 801 878 
840 708 892 832 852 650 730 877 804 715 845 909 840 864 754 842 936 637 861 929 789 733 780 868 649 827 650 867 878 919 1023 724 787 872 804 716 840 898 755 828 
913 760 935 792 782 771 840 896 855 726 733 1018 825 763 715 811 967 668 850 898 704 809 781 854 630 827 676 893 884 1034 990 649 898 847 875 948 710 947 870 897 
1050 869 1084 972 1099 886 802 940 834 807 884 997 929 850 913 965 1188 696 905 946 862 859 880 861 835 962 865 933 991 1033 1121 859 992 1060 1063 937 900 1062 819 944 
758 688 848 740 788 745 886 821 761 659 620 866 807 640 702 851 841 568 761 815 667 834 689 813 555 715 666 834 750 957 889 513 768 780 834 805 664 877 749 765 
908 780 1018 878 805 785 735 951 759 763 827 869 800 813 715 892 968 549 960 917 819 749 810 879 642 806 803 877 890 928 991 573 905 822 882 823 758 969 774 909 
1081 827 975 890 984 857 839 988 917 731 794 961 961 905 1004 946 1127 795 1017 999 910 888 930 956 767 1009 728 978 1067 1094 1070 720 928 1053 951 900 786 1029 991 890 
1135 861 1187 1128 982 878 906 1125 1001 868 959 1078 1020 968 956 1027 1246 874 1105 1104 975 874 1023 963 862 952 872 1055 1041 1079 1244 890 1052 1003 1056 1029 1013 1072 897 1092 
940 792 961 925 844 832 885 976 854 729 776 981 903 846 829 866 1035 695 845 914 784 904 938 926 785 883 747 899 922 1078 943 743 867 925 925 868 789 934 867 874 
888 844 1011 863 919 907 840 887 885 734 767 921 878 907 903 1051 969 657 884 1046 775 884 838 979 723 812 775 948 908 1073 1128 601 972 1004 1031 976 778 975 821 914 
991 952 1012 862 1015 879 942 929 911 771 861 1072 931 1025 916 1002 1138 674 933 1047 812 917 1024 1036 836 894 793 948 988 1154 1055 815 979 1057 1108 983 819 986 932 980 
664 639 757 624 632 594 626 602 542 462 537 753 640 651 559 801 751 487 666 682 608 748 621 626 542 595 534 690 733 798 788 489 637 657 733 706 610 790 590 658 
916 777 864 735 873 735 826 869 877 765 710 1015 833 756 702 722 933 643 768 975 689 831 805 926 611 768 759 814 955 1031 1001 731 930 815 962 919 681 938 818 903 
954 871 966 871 956 879 898 905 877 766 769 1021 828 861 831 942 1030 677 960 958 740 842 806 922 658 932 771 1000 964 1084 966 749 926 942 1030 874 780 1051 882 932 
856 759 871 711 807 728 715 913 754 765 753 804 835 768 718 791 883 586 832 926 687 779 846 914 615 788 728 775 920 910 902 644 854 790 944 838 639 865 743 778 
1234 982 1216 1036 1179 974 991 1115 941 903 1030 1163 1063 1099 1050 1144 1193 724 1152 1173 946 1068 1022 1119 887 1023 935 1093 1154 1221 1296 888 1095 1116 1193 1140 920 1181 972 1048 
918 770 882 783 876 714 745 867 733 648 740 814 773 853 800 859 917 655 861 841 749 803 680 696 618 885 722 797 839 845 1043 649 739 910 829 783 809 993 714 835 
1048 794 995 931 1053 894 853 924 851 671 881 924 862 850 878 921 979 584 936 1041 874 808 817 957 785 849 772 905 972 891 1125 592 915 998 965 933 753 958 765 863 
750 635 800 700 762 571 617 728 627 565 714 743 634 669 721 774 813 492 745 822 631 707 603 713 535 678 629 724 749 726 827 587 722 727 780 618 649 751 644 798 
1070 805 1100 910 1022 880 877 961 839 768 905 1039 1010 894 866 963 1026 689 1047 1011 948 860 875 937 733 884 778 1003 1014 1016 1181 722 942 914 938 927 866 1041 820 914 
712 646 773 703 711 610 656 773 702 537 675 758 755 831 721 825 834 511 703 798 703 683 744 815 641 668 633 730 773 855 854 533 748 782 819 708 662 818 729 709 
1047 859 1062 903 1043 881 819 925 832 626 799 960 948 775 832 976 1055 609 969 943 847 880 924 830 742 858 825 890 989 1006 1129 629 962 968 1091 941 797 1029 840 908 
722 760 797 723 837 658 705 753 752 581 702 808 711 828 643 809 918 527 802 889 677 717 703 784 612 721 662 755 817 792 934 558 750 826 814 744 674 833 730 826 
839 751 879 795 872 711 835 752 721 713 749 908 719 772 832 832 945 608 758 885 721 850 810 929 661 835 716 829 872 996 880 650 831 947 931 819 594 789 738 800 
835 689 842 834 941 798 810 827 809 767 835 977 855 743 856 870 1033 709 798 921 759 754 746 897 726 858 638 921 822 990 950 732 849 851 824 778 802 853 732 851 
822 650 907 690 872 716 692 710 710 597 682 792 739 671 705 771 841 514 782 758 649 638 664 678 629 700 691 816 740 747 917 587 734 738 753 773 677 833 622 766 
873 761 897 745 928 769 661 871 764 750 875 931 788 918 830 916 980 629 819 911 793 722 758 882 632 843 733 883 858 987 998 652 881 991 937 843 765 1008 841 856 
925 811 978 832 927 871 931 997 959 775 818 882 960 833 830 905 988 721 952 1024 719 858 870 953 804 898 692 957 832 990 1022 792 815 984 927 944 792 878 839 831 
801 768 855 758 921 685 821 809 749 590 747 780 759 782 800 836 853 495 807 907 701 801 693 860 666 812 705 813 868 728 952 603 763 817 894 730 697 888 652 803 
837 636 886 944 929 816 714 862 877 690 780 858 896 875 766 851 921 739 852 1000 788 725 755 861 649 742 721 910 922 848 971 611 898 857 823 769 752 952 766 784 
895 789 880 850 866 787 698 783 840 673 675 859 787 720 763 849 1087 771 794 962 696 694 819 803 688 759 745 865 851 1019 989 713 863 877 938 854 732 857 842 896 
901 767 973 807 904 847 794 832 808 783 735 865 831 735 787 846 920 705 912 918 727 798 779 919 605 883 704 935 876 1000 960 701 921 863 1001 893 663 909 645 788 
873 785 781 735 752 766 726 900 769 652 726 854 775 825 720 850 902 587 750 896 652 787 758 813 731 756 646 733 873 926 938 651 749 871 813 843 700 834 808 743 
870 724 947 794 800 778 777 938 761 704 850 997 828 824 770 860 818 609 915 864 737 764 769 922 628 789 713 962 873 936 958 648 895 725 923 905 600 835 712 797 

